12 0.24064473915997683 0.619198312236287 0.3065992232260445 0.619198312236287 0.3065992232260445 0.6455696202531644 0.24064473915997683 0.6455696202531644
0 0.1746902550939091 0.6107594936708861 0.23529707828975516 0.6107594936708861 0.23529707828975516 0.6518987341772153 0.1746902550939091 0.6518987341772153
7 0.18182046958753806 0.3206751054852321 0.24064473915997686 0.3206751054852321 0.24064473915997686 0.34810126582278483 0.18182046958753806 0.34810126582278483
7 0.25134006090042027 0.31856540084388185 0.3155119913430808 0.31856540084388185 0.3155119913430808 0.3491561181434599 0.25134006090042027 0.3491561181434599
11 0.7379772000905956 0.3691983122362869 0.786106147922591 0.3691983122362869 0.786106147922591 0.4029535864978903 0.7379772000905956 0.4029535864978903
1 0.7379772000905956 0.4124472573839662 0.7914538087928126 0.4124472573839662 0.7914538087928126 0.4367088607594936 0.7379772000905956 0.4367088607594936
3 0.7361946464671886 0.45042194092827004 0.79323636241622 0.45042194092827004 0.79323636241622 0.47573839662447254 0.7361946464671886 0.47573839662447254
9 0.7344120928437812 0.4820675105485232 0.7968014696630344 0.4820675105485232 0.7968014696630344 0.520042194092827 0.7344120928437812 0.520042194092827
10 0.7451074145842246 0.5316455696202531 0.7807584870523692 0.5316455696202531 0.7807584870523692 0.5632911392405063 0.7451074145842246 0.5632911392405063
2 0.7451074145842246 0.569620253164557 0.7914538087928126 0.569620253164557 0.7914538087928126 0.6044303797468354 0.7451074145842246 0.6044303797468354
4 0.7415423073374101 0.6160337552742616 0.7896712551694055 0.6160337552742616 0.7896712551694055 0.6413502109704642 0.7415423073374101 0.6413502109704642
13 0.09625789566399073 0.570675105485232 0.17647280871731635 0.570675105485232 0.17647280871731635 0.5970464135021099 0.09625789566399073 0.5970464135021099
