2 0.39441660701503223 0.7427162152354306 0.4302075876879027 0.7427162152354306 0.4302075876879027 0.7814245521858113 0.39441660701503223 0.7814245521858113
10 0.4387974230493915 0.7487643928839276 0.4688618468146027 0.7487643928839276 0.4688618468146027 0.7777956455967131 0.4387974230493915 0.7777956455967131
4 0.35862562634216183 0.7463451218245288 0.38654259126700075 0.7463451218245288 0.38654259126700075 0.7777956455967131 0.35862562634216183 0.7777956455967131
9 0.47816750178954903 0.7390873086463324 0.5175375805297066 0.7390873086463324 0.5175375805297066 0.786263094304609 0.47816750178954903 0.786263094304609
11 0.5977093772369363 0.7427162152354306 0.6306370794559771 0.7427162152354306 0.6306370794559771 0.7826341877155107 0.5977093772369363 0.7826341877155107
1 0.560486757337151 0.7366680375869337 0.58840372226199 0.7366680375869337 0.58840372226199 0.786263094304609 0.560486757337151 0.786263094304609
3 0.5261274158911954 0.7330391309978355 0.5511811023622047 0.7330391309978355 0.5511811023622047 0.7886823653640077 0.5261274158911954 0.7886823653640077
7 0.6506800286327845 0.18144532945490977 0.6828919112383679 0.18144532945490977 0.6828919112383679 0.24071747041018027 0.6506800286327845 0.24071747041018027
7 0.6492483894058697 0.2624909099447694 0.6800286327845384 0.2624909099447694 0.6800286327845384 0.30966669560304594 0.6492483894058697 0.30966669560304594
0 0.3486041517537581 0.18144532945490977 0.39012168933428776 0.18144532945490977 0.39012168933428776 0.23466929276168325 0.3486041517537581 0.23466929276168325
12 0.3514674302075877 0.25281382570717426 0.38725841088045815 0.25281382570717426 0.38725841088045815 0.2987799758357514 0.3514674302075877 0.2987799758357514
13 0.403006442376521 0.10765756214324645 0.4352183249821045 0.10765756214324645 0.4352183249821045 0.16330079650941884 0.403006442376521 0.16330079650941884
