11 0.21747154205568278 0.5949367088607594 0.2584702753940492 0.5949367088607594 0.2584702753940492 0.6329113924050633 0.21747154205568278 0.6329113924050633
1 0.21390643480886828 0.5632911392405063 0.2673830435110853 0.5632911392405063 0.2673830435110853 0.589662447257384 0.21390643480886828 0.589662447257384
3 0.2085587739386466 0.5295358649789029 0.2691655971344926 0.5295358649789029 0.2691655971344926 0.5537974683544304 0.2085587739386466 0.5537974683544304
9 0.21390643480886828 0.4789029535864979 0.2673830435110853 0.4789029535864979 0.2673830435110853 0.5168776371308018 0.21390643480886828 0.5168776371308018
10 0.22103664930249725 0.439873417721519 0.25668772177064203 0.439873417721519 0.25668772177064203 0.4715189873417722 0.22103664930249725 0.4715189873417722
2 0.21390643480886828 0.39662447257383965 0.2620353826408637 0.39662447257383965 0.2620353826408637 0.42827004219409287 0.21390643480886828 0.42827004219409287
4 0.21212388118546108 0.3575949367088608 0.26560048988767815 0.3575949367088608 0.26560048988767815 0.39029535864978904 0.21212388118546108 0.39029535864978904
12 0.6969784667522292 0.35232067510548526 0.7540201827012608 0.35232067510548526 0.7540201827012608 0.3808016877637131 0.6969784667522292 0.3808016877637131
0 0.7700631653119259 0.34810126582278483 0.8199746667673287 0.34810126582278483 0.8199746667673287 0.3881856540084388 0.7700631653119259 0.3881856540084388
7 0.755802736324668 0.6529535864978903 0.8217572203907358 0.6529535864978903 0.8217572203907358 0.6782700421940927 0.755802736324668 0.6782700421940927
7 0.688065698635193 0.649789029535865 0.7415423073374102 0.649789029535865 0.7415423073374102 0.6803797468354431 0.688065698635193 0.6803797468354431
13 0.8342350957545864 0.40189873417721517 0.8966244725738397 0.40189873417721517 0.8966244725738397 0.43143459915611815 0.8342350957545864 0.43143459915611815
