11 0.369362920544023 0.22136330193498993 0.4044380816034359 0.22136330193498993 0.4044380816034359 0.25644273229627246 0.369362920544023 0.25644273229627246
1 0.41159627773801 0.21410548875679353 0.44094488188976383 0.21410548875679353 0.44094488188976383 0.2624909099447694 0.41159627773801 0.2624909099447694
3 0.4502505368647101 0.20926694663799592 0.47458840372226196 0.20926694663799592 0.47458840372226196 0.26128127441507004 0.4502505368647101 0.26128127441507004
9 0.4853256979241231 0.2116862176973947 0.521832498210451 0.2116862176973947 0.521832498210451 0.2624909099447695 0.4853256979241231 0.2624909099447695
10 0.5318539727988547 0.2201536664052905 0.5633500357909806 0.2201536664052905 0.5633500357909806 0.25281382570717426 0.5318539727988547 0.25281382570717426
2 0.5712240515390121 0.21410548875679353 0.6055833929849678 0.21410548875679353 0.6055833929849678 0.26128127441507 0.5712240515390121 0.26128127441507
4 0.6141732283464567 0.2177343953458917 0.6413743736578381 0.2177343953458917 0.6413743736578381 0.26007163888537066 0.6141732283464567 0.26007163888537066
12 0.6148890479599141 0.7003789716959516 0.6506800286327845 0.7003789716959516 0.6506800286327845 0.7487643928839275 0.6148890479599141 0.7487643928839275
0 0.6134574087329993 0.7693281968888174 0.653543307086614 0.7693281968888174 0.653543307086614 0.8237617957252903 0.6134574087329993 0.8237617957252903
7 0.3214030064423765 0.6955404295771541 0.3486041517537581 0.6955404295771541 0.3486041517537581 0.7427162152354306 0.3214030064423765 0.7427162152354306
7 0.32211882605583386 0.762070383710621 0.34717251252684317 0.762070383710621 0.34717251252684317 0.8128750759579957 0.32211882605583386 0.8128750759579957
13 0.56907659269864 0.8370677865519837 0.5984251968503937 0.8370677865519837 0.5984251968503937 0.8951302919775548 0.56907659269864 0.8951302919775548
